-80 271 133
-80 271 133
-78 270 135
-78 270 135
-78 270 135
-82 269 135
-81 272 133
-81 271 134
-81 271 134
-81 271 134
-84 271 129
-84 271 129
-80 271 135
-81 273 137
-81 273 137
-81 273 137
-79 274 135
-79 274 135
-79 274 135
-79 272 133
-79 272 133
-79 272 133
-81 272 130
-81 272 130
-81 272 130
-81 273 132
-81 273 132
-80 270 136
-80 270 136
-80 270 136
-80 270 136
-81 270 135
-81 270 135
-82 273 134
-82 273 134
-82 273 134
-82 272 135
-82 272 135
-82 272 135
-82 272 135
-82 272 135
-82 272 135
-79 272 141
-79 275 134
-79 275 134
-79 275 134
-82 269 131
-82 269 131
-78 272 132
-81 269 132
-81 269 132
-81 269 132
-81 269 132
-81 274 134
-81 274 134
-29 247 104
-29 247 104
-83 270 121
-83 270 121
-141 290 134
-78 266 99
-151 274 116
-151 274 116
-113 258 113
-109 236 118
-154 249 130
-117 227 90
-98 204 105
-102 200 110
-100 199 109
-100 199 109
-98 198 114
-94 197 112
-94 198 113
-94 198 113
-99 199 114
-97 199 114
-97 193 113
-94 199 115
-94 199 115
-94 200 113
-96 198 115
-97 214 126
-97 214 126
-87 213 129
-89 241 132
-89 241 132
-81 251 123
-81 251 123
-90 266 123
-80 270 117
-80 270 117
-87 278 117
-77 285 120
-80 299 117
-80 305 113
-77 312 110
-74 318 114
-78 320 107
-80 329 109
-78 340 108
-68 350 100
-74 354 111
-74 368 95
-70 368 92
-73 373 91
-68 382 87
-68 384 81
-68 384 81
-65 388 77
-67 395 73
-62 400 70
-65 402 69
-67 401 68
-65 402 64
-66 402 67
-67 401 66
-67 403 67
-62 406 66
-68 403 69
-66 402 69
-66 404 70
-69 403 68
-68 403 66
-66 404 66
-66 404 66
-66 401 68
-66 401 69
-67 398 71
-67 400 69
-67 400 69
-69 401 68
-65 405 65
-65 402 69
-65 398 69
-66 402 65
-66 402 65
-66 401 69
-65 401 66
-67 400 66
-67 404 70
-70 398 67
-66 400 69
-66 400 69
-67 401 67
-67 400 69
-67 400 69
-69 402 71
-66 402 67
-70 403 70
-68 400 70
-65 403 67
-67 404 68
-71 401 66
-71 401 66
-66 403 68
-66 401 65
-68 401 71
-65 402 64
-65 402 64
-69 402 74
-67 399 68
-62 403 69
-70 400 70
-67 399 70
-67 401 66
-66 404 66
-67 403 66
-68 401 68
-65 401 68
-65 402 70
-67 400 65
-67 400 65
-66 403 66
-67 400 68
-66 404 71
-67 404 69
-67 401 69
-65 402 68
-67 402 68
-66 405 65
-68 401 69
-66 399 69
-63 405 67
-63 405 67
-65 401 68
-63 403 67
-68 401 69
-65 400 66
-65 400 66
-67 396 74
-65 402 66
-65 402 66
-66 400 68
-66 403 68
-66 403 68
-69 404 70
-68 400 67
-67 401 68
-67 403 65
-64 401 66
-67 401 68
-67 400 69
-65 403 66
-67 404 68
-67 400 66
-65 403 69
-64 404 70
-68 403 69
-65 403 72
-65 403 72
-68 400 67
-65 404 67
-66 399 67
-64 401 70
-64 401 70
-66 403 67
-65 402 69
-67 402 69
-67 402 67
-66 401 67
-66 403 68
-65 402 66
-68 402 71
-67 402 71
-69 402 68
-66 404 69
-67 404 67
-67 404 67
-62 402 67
-69 402 69
-64 404 68
-65 403 71
-68 399 68
-66 402 69
-68 403 68
-68 403 68
-66 401 66
-71 402 68
-71 402 68
-64 401 69
-65 400 67
-69 401 67
-67 404 70
-68 399 68
-68 399 68
-68 403 69
-67 403 67
-65 403 65
-67 404 68
-67 404 68
-95 415 83
-27 389 71
-70 394 66
-114 418 99
-28 396 84
-87 409 80
-87 409 80
-65 395 80
-76 407 89
-76 407 89
-101 412 95
-66 395 72
-52 405 67
-52 405 67
-26 394 64
-43 395 73
-48 403 73
-48 403 73
-12 396 71
-75 403 74
-25 398 69
-36 394 60
-53 418 70
-49 414 87
-33 400 68
-33 400 68
-69 415 72
-7 388 68
-7 388 68
-31 408 96
-67 407 81
-49 412 106
-57 411 102
-58 409 65
-37 415 66
-31 407 65
-29 412 70
-26 402 67
-32 410 72
-30 412 74
-29 413 74
-29 413 71
-28 415 75
-29 415 75
-29 415 75
-28 412 74
-27 417 77
-31 412 74
-26 413 72
-27 416 72
-31 412 74
-26 415 72
-29 413 74
-31 413 73
-29 414 74
-29 412 75
-30 412 71
-30 413 75
-30 414 74
-27 414 75
-29 414 74
-27 413 71
-27 413 71
-31 413 74
-27 414 75
-26 415 74
-33 412 75
-28 413 70
-29 412 81
-29 412 81
-32 412 76
-24 413 72
-28 415 74
-30 412 74
-27 413 71
-30 411 74
-28 410 75
-29 412 74
-26 414 73
-29 414 74
-29 414 74
-29 414 74
-31 412 74
-28 415 76
-30 412 75
-32 412 74
-27 413 75
-29 413 77
-28 413 73
-90 416 62
0 393 58
-56 406 62
-97 399 54
-103 392 60
-104 374 69
-104 374 69
-100 354 105
-100 354 105
-100 354 105
-107 345 94
-173 327 128
-173 327 128
-151 301 140
-151 301 140
-165 291 135
-130 272 149
-124 269 156
-123 271 156
-125 269 158
-121 274 157
-121 274 157
-122 269 158
-121 272 160
-121 271 160
-125 273 156
-118 274 158
-78 261 160
-55 265 150
-49 253 142
-45 253 146
-47 253 146
-47 256 145
-49 253 145
-43 254 146
-48 253 145
-48 253 145
-48 253 145
-47 257 147
-46 255 147
-46 255 147
-49 253 145
-45 256 147
-47 253 146
-49 255 145
-45 255 144
-45 255 144
-50 254 145
-44 253 146
-49 254 148
-46 253 143
-45 254 146
-45 255 146
-45 252 148
-45 252 148
-11 254 195
-66 250 173
-68 245 170
-97 233 185
-1 208 168
-115 216 176
-43 188 169
-49 174 166
-74 166 169
-74 166 169
-66 133 120
-56 118 119
-92 135 136
-92 135 136
-66 111 111
-119 118 106
-119 118 106
-62 89 101
-62 79 48
-49 77 64
-112 84 49
-58 65 13
-23 52 -12
-77 67 -14
-64 64 -35
-93 86 -32
-74 93 -94
-59 102 -129
-74 104 -136
-70 100 -135
-72 102 -132
-73 103 -133
-70 104 -133
-72 104 -135
-73 102 -136
-74 103 -134
-73 100 -132
-73 102 -136
-69 104 -135
-73 102 -133
-73 104 -134
-71 103 -134
-72 103 -130
-71 103 -136
-70 104 -133
-73 103 -135
-73 103 -135
-71 102 -135
-70 103 -136
-71 104 -137
-70 103 -133
-71 102 -135
-69 101 -133
-74 106 -134
-70 105 -135
-75 102 -135
-75 103 -137
-73 99 -134
-73 103 -136
-72 103 -133
-70 104 -134
-70 104 -134
-74 103 -135
-73 103 -132
-73 103 -127
-71 101 -135
-71 103 -135
-72 100 -133
-74 103 -137
-73 105 -134
-71 103 -134
-73 104 -134
-67 103 -133
-73 103 -134
-75 104 -134
-72 102 -136
-71 101 -133
-72 105 -134
-69 103 -130
-72 102 -133
-70 103 -135
-77 101 -134
-73 104 -135
-62 101 -90
-62 101 -90
-1 79 -121
-19 93 -101
-64 116 -107
-64 116 -107
-64 110 -136
-39 103 -127
-29 94 -134
-29 94 -134
-67 108 -136
-103 108 -134
-103 108 -134
-69 121 -129
-96 126 -141
-96 126 -141
-104 133 -133
-104 134 -138
-72 121 -144
-111 138 -125
-129 136 -151
-74 119 -146
-74 119 -146
-85 124 -149
-69 119 -157
-86 114 -156
-97 124 -158
-70 109 -184
-67 120 -153
-116 121 -166
-101 134 -153
-101 134 -153
-43 111 -165
-43 111 -165
-75 127 -170
-75 127 -170
-58 139 -177
-58 139 -177
-21 152 -196
-21 152 -196
-21 152 -196
-64 174 -190
-26 186 -191
-26 186 -191
-51 202 -201
-84 221 -209
18 228 -209
-82 273 -186
-34 258 -203
-16 275 -217
-16 275 -217
-22 296 -185
-71 311 -191
-12 349 -185
-96 369 -189
-65 390 -159
-41 385 -171
-4 401 -155
-4 401 -155
-115 436 -120
-43 426 -130
-95 452 -112
-119 459 -105
-119 459 -105
-84 466 -116
-84 466 -116
-97 472 -120
-76 460 -127
-94 455 -141
-77 455 -141
-64 445 -171
-64 445 -171
-63 424 -187
-63 424 -187
-60 407 -199
-55 396 -217
-57 388 -224
-55 379 -227
-55 371 -224
-52 361 -241
-52 361 -241
-47 323 -245
-47 323 -245
-53 281 -257
-53 281 -257
-56 272 -253
-63 265 -254
-65 256 -244
-61 209 -249
-61 209 -249
-61 209 -249
-68 201 -247
-68 201 -247
-68 201 -247
-68 201 -247
-66 191 -238
-66 191 -238
-66 191 -238
-75 117 -187
-75 117 -187
-75 117 -187
-84 107 -171
-84 107 -171
-84 107 -171
-78 98 -167
-78 98 -167
-78 98 -167
-78 98 -167
-75 86 -156
-75 86 -156
-83 47 -90
-83 47 -90
-83 47 -90
-95 41 -44
-95 41 -44
-95 41 -34
-95 41 -34
-95 39 -15
-98 52 24
-100 53 45
-100 53 45
-100 53 45
-103 59 53
-103 59 53
-98 78 86
-98 78 86
-98 78 86
-96 79 87
-96 79 87
-96 79 87
-98 80 83
-101 79 85
-97 79 84
-98 79 85
-98 79 85
-98 79 85
-98 75 86
-98 75 86
-98 75 86
-99 76 84
-96 80 85
-96 80 85
-96 80 85
-96 80 85
-97 76 85
-101 80 85
-101 80 85
-101 80 85
-98 78 84
-98 78 84
-98 78 84
-98 78 84
-100 79 90
-100 79 90
-100 79 90
-97 79 85
-97 79 85
-97 79 85
-97 79 85
-98 81 85
-98 81 85
-98 81 85
-99 78 85
-99 78 85
-99 78 85
-97 82 86
-97 82 86
-97 82 86
-97 81 84
-97 81 84
-97 81 84
-93 78 87
-97 80 85
-97 80 85
-97 80 85
-97 80 85
-96 79 87
-96 79 87
-100 79 84
-97 79 86
-97 79 86
-97 79 86
-98 77 85
-98 77 85
-98 77 85
-98 77 85
-97 79 85
-97 79 85
-96 81 83
-96 81 83
-96 81 83
-98 78 84
-99 78 85
-99 78 85
-99 79 86
-99 79 86
-99 79 86
-93 79 84
-98 79 83
-98 79 83
-98 79 83
-98 79 83
-97 82 86
-97 82 86
-97 82 86
-99 81 85
-98 80 84
-95 79 83
-95 79 83
-95 79 83
-97 78 83
-97 78 83
-97 78 83
-97 79 84
-99 77 84
-99 77 84
-97 77 87
-97 77 87
-97 77 87
-99 82 89
-99 82 89
-98 80 83
-98 80 83
-98 80 83
-101 81 83
-101 81 83
-101 81 83
-98 79 85
-98 79 85
-98 77 83
-98 77 83
-98 77 83
-95 80 85
-95 78 84
-98 79 86
-98 79 86
-98 79 86
-98 80 86
-98 80 86
-98 80 86
-98 80 81
-99 79 82
-99 79 82
-101 79 85
-101 79 85
-101 79 85
-98 80 86
-99 77 85
-99 77 85
-99 77 85
-99 77 85
-99 79 86
-99 79 86
-99 79 86
-99 81 83
-98 81 85
-98 81 85
-97 81 83
-97 81 83
-97 81 83
-96 78 85
-96 78 85
-96 78 85
-97 77 85
-97 77 85
-97 77 85
-97 77 85
-97 77 85
-97 77 85
-95 79 82
-95 79 82
-98 81 84
-98 81 84
-98 81 84
-96 81 84
-96 81 84
-96 81 84
-98 81 88
-98 81 88
-98 81 88
-99 80 84
-99 80 84
-99 80 84
-98 80 86
-98 80 86
-98 80 86
-97 82 83
-97 82 83
-97 82 83
-97 82 83
-96 79 86
-97 76 84
-97 76 84
-96 81 83
-96 81 83
-96 81 83
-100 82 85
-100 82 85
-96 78 86
-96 81 84
-96 81 84
-96 81 84
-98 77 84
-98 77 84
-98 77 84
-98 77 84
-111 92 83
-111 92 83
-101 91 77
-101 91 77
-101 91 77
-101 91 77
-108 90 89
-108 90 89
-105 106 106
-103 110 100
-103 110 100
-110 121 117
-112 140 121
-112 140 121
-115 148 132
-109 164 137
-109 182 144
-115 196 152
-113 213 157
-119 230 157
-118 241 157
-118 241 157
-117 255 155
-112 288 155
-115 307 152
-114 337 138
-112 349 136
-108 363 128
-109 365 126
-109 365 126
-112 365 135
-112 365 135
-110 367 131
-110 367 131
-110 367 131
-108 367 128
-108 367 128
-108 367 128
-113 366 132
-113 366 132
-113 366 132
-107 364 129
-107 364 129
-109 364 129
-109 364 129
-121 370 119
-121 370 119
-115 374 116
-115 374 116
-112 379 108
-114 390 110
-114 390 110
-110 402 96
-120 413 94
-114 418 84
-116 421 76
-112 429 73
-119 437 72
-118 438 61
-112 449 57
-112 449 57
-116 455 46
-114 467 32
-114 466 35
-112 474 26
-111 476 20
-110 481 5
-111 482 5
-111 482 5
-110 489 -10
-110 489 -10
-109 486 -29
-109 486 -29
-106 486 -67
-106 486 -67
-106 486 -67
-93 480 -97
-97 478 -97
-97 478 -97
-93 467 -127
-93 467 -127
-93 467 -127
-85 452 -151
-85 452 -151
-84 439 -170
-84 439 -170
-79 427 -192
-79 427 -192
-76 418 -201
-75 403 -212
-75 403 -212
-71 393 -214
-74 385 -226
-68 371 -229
-66 355 -236
-68 340 -236
-68 340 -236
-65 271 -247
-65 271 -247
-66 240 -247
-62 225 -246
-62 225 -246
-62 225 -246
-62 225 -246
-60 164 -220
-60 164 -220
-60 162 -220
-58 162 -219
-58 162 -219
-58 162 -219
-57 164 -222
-57 164 -222
-57 164 -222
-59 165 -222
-59 165 -222
-59 165 -222
-59 162 -219
-59 162 -219
-59 162 -219
-59 162 -220
-59 162 -220
-59 162 -220
-59 164 -223
-59 164 -223
-59 164 -223
-59 164 -223
-62 164 -221
-62 164 -221
-62 164 -221
-56 163 -218
-56 163 -218
-56 163 -218
-62 161 -221
-59 162 -220
-61 163 -220
-61 163 -220
-61 163 -220
-59 164 -221
-59 164 -221
-59 164 -221
-59 163 -221
-58 163 -221
-58 163 -221
-58 163 -221
-59 165 -221
-59 165 -221
-59 165 -221
-59 165 -218
-59 165 -218
-56 169 -216
-56 169 -216
-59 162 -220
-59 162 -220
-59 162 -220
-59 164 -215
-61 164 -215
-61 164 -215
-61 164 -215
-60 165 -223
-60 165 -223
-60 165 -223
-60 164 -220
-59 163 -221
-59 163 -221
-59 163 -221
-60 161 -223
-60 161 -223
-60 161 -223
-60 164 -221
-60 164 -221
-60 164 -221
-61 166 -223
-61 166 -223
-57 164 -219
-57 164 -219
-57 164 -219
-60 164 -220
-60 164 -220
-60 164 -220
-60 166 -221
-60 166 -221
-60 166 -221
-64 159 -220
-64 159 -220
-64 159 -220
-59 164 -220
-59 164 -220
-59 164 -220
-60 163 -220
-60 163 -220
-60 163 -220
-59 165 -223
-59 165 -223
-59 165 -223
-59 165 -223
-58 163 -218
-58 163 -218
-58 163 -218
-57 165 -222
-57 165 -222
-57 165 -222
-57 165 -222
-58 163 -216
-58 163 -216
-58 163 -216
-61 163 -220
-61 163 -220
-61 163 -220
-59 161 -221
-59 161 -221
-59 161 -221
-59 161 -221
-58 163 -220
-60 165 -221
-58 159 -221
-58 159 -221
-58 159 -221
-58 159 -221
-61 166 -223
-61 166 -223
-61 166 -223
-58 163 -221
-58 163 -221
-58 163 -221
-59 162 -220
-59 162 -220
-59 162 -220
-59 162 -220
-59 160 -219
-60 161 -222
-60 161 -222
-60 161 -222
-60 161 -222
-58 164 -219
-58 164 -219
-58 164 -219
-59 162 -220
-59 162 -220
-59 162 -220
-59 167 -222
-59 167 -222
-59 167 -222
-59 167 -222
-58 163 -220
-58 163 -220
-57 165 -220
-57 165 -220
-59 165 -220
-59 165 -220
-59 165 -220
-59 164 -220
-59 164 -220
-59 164 -220
-59 164 -220
-62 160 -223
-62 160 -223
-62 160 -223
-60 166 -219
-60 166 -219
-69 178 -162
-69 178 -162
-69 155 -162
23 155 -199
23 155 -199
23 155 -199
-42 189 -200
-42 189 -200
-42 189 -200
-3 187 -228
-3 187 -228
-22 215 -218
-39 240 -218
-39 240 -218
10 282 -202
0 299 -213
-53 328 -213
-53 328 -213
-20 375 -188
-50 434 -132
-50 434 -132
-50 434 -132
-66 450 -120
-66 450 -120
-66 450 -120
-66 450 -120
-66 450 -120
-74 488 -19
-74 488 -19
-74 488 -19
-74 480 -5
-29 480 -5
-29 480 -5
-29 480 -5
-143 497 62
-80 452 59
-80 452 59
-80 452 59
-95 445 70
-105 450 76
-101 447 74
-101 447 74
-101 448 75
-101 450 74
-103 448 74
-103 448 74
-104 451 73
-104 451 73
-103 447 73
-100 449 73
-103 447 80
-103 447 80
-100 448 73
-100 448 73
-104 449 72
-104 449 72
-104 449 72
-100 448 75
-104 450 79
-103 451 71
-103 451 71
-104 451 75
-102 450 74
-102 450 74
-102 451 75
-102 451 75
-102 451 75
-102 450 74
-102 450 74
-102 450 74
-101 449 71
-102 451 76
-104 450 75
-104 450 75
-105 450 74
-106 447 76
-106 447 76
-106 449 74
-106 450 72
-106 450 72
-105 452 70
-105 452 70
-103 448 75
-103 451 72
-103 450 76
-103 450 76
-103 448 75
-103 451 78
-103 451 78
-103 451 78
-103 451 78
-106 449 78
-106 449 78
-106 449 78
-106 448 74
-103 450 76
-103 450 76
-102 452 78
-102 452 78
-104 447 75
-104 447 75
-104 447 75
-104 448 75
-101 450 74
-101 450 74
-101 451 77
-101 451 77
-103 448 75
-104 451 75
-104 451 75
-104 451 75
-102 449 75
-101 450 75
-101 450 75
-106 448 76
-104 449 72
-104 449 72
-102 448 75
-102 448 75
-102 448 75
-101 450 75
-101 450 75
-101 450 75
-102 454 74
-102 454 74
-100 448 75
-103 450 74
-103 449 76
-103 449 76
-104 447 77
-104 447 77
-112 453 65
-106 456 53
-106 456 53
-109 461 52
-105 483 14
-105 483 14
-105 483 14
-102 495 -26
-102 495 -26
-102 497 -37
-97 497 -49
-93 498 -63
-93 498 -63
-87 496 -80
-96 500 -90
-89 497 -109
-89 497 -109
-92 493 -133
-92 493 -133
-83 480 -162
-83 480 -162
-85 473 -174
-85 473 -174
-78 453 -190
-75 438 -190
-73 431 -213
-72 420 -211
-72 420 -211
-71 407 -225
-63 390 -221
-62 387 -219
-61 386 -220
-63 387 -221
-60 387 -221
-64 388 -222
-65 391 -220
-61 385 -220
-63 388 -220
-60 386 -221
-65 386 -220
-66 389 -222
-61 388 -221
-65 386 -221
-60 387 -220
-64 387 -220
-63 385 -217
-60 385 -221
-62 387 -221
-63 390 -221
-62 387 -221
-64 389 -220
-64 388 -220
-62 388 -215
-64 386 -218
-62 384 -219
-65 388 -222
-63 385 -221
-64 387 -220
6 361 -209
-63 388 -203
-90 387 -182
-26 372 -212
-26 372 -212
-90 391 -208
-90 391 -208
-90 391 -208
-24 379 -198
-24 379 -198
-24 379 -198
-24 379 -198
-23 378 -196
-59 389 -208
-85 400 -191
-77 400 -182
-21 389 -190
-21 389 -190
-21 389 -190
-60 392 -202
-60 392 -202
-60 392 -202
-60 392 -202
-45 395 -205
-52 395 -186
-52 395 -186
-52 395 -186
-83 395 -198
-83 395 -198
-83 395 -198
-42 387 -182
-43 394 -188
-43 387 -187
-41 387 -187
-87 403 -180
-87 403 -180
-84 378 -226
-84 406 -205
-96 406 -205
-99 406 -207
-79 399 -213
-79 399 -213
-113 401 -205
-111 415 -184
-103 409 -198
-26 387 -207
-26 387 -207
-95 406 -205
-53 402 -196
1 391 -245
-92 431 -212
-92 431 -212
-83 440 -196
-76 450 -181
-76 450 -181
-82 478 -140
-82 478 -140
-84 484 -129
-84 484 -129
-82 487 -109
-82 487 -109
-85 484 -116
-85 484 -116
-82 491 -97
-82 491 -97
-83 494 -76
-83 494 -76
-78 493 -55
-78 493 -55
-59 491 -43
-61 489 -46
-52 487 -49
-53 489 -48
-50 486 -50
-53 487 -49
-49 489 -49
-51 491 -51
-53 488 -46
-53 487 -48
-51 491 -51
-56 491 -48
-52 487 -49
-55 490 -48
-55 490 -48
-55 491 -48
-56 487 -53
-54 491 -51
-54 491 -51
-53 490 -50
-52 489 -48
-50 486 -49
-56 490 -48
-51 488 -50
-52 485 -51
-53 488 -50
-49 488 -51
-55 485 -50
-51 488 -49
-51 488 -49
-51 489 -47
-54 490 -48
-49 489 -48
-55 486 -50
-53 488 -50
-53 488 -50
-51 486 -48
-51 488 -46
-53 488 -48
-52 487 -51
-52 489 -47
-52 489 -47
-52 489 -47
-54 488 -48
-52 489 -47
-52 487 -48
-53 490 -46
-50 490 -50
-53 490 -51
-52 487 -48
-54 488 -51
-54 491 -49
-54 491 -49
-52 487 -52
-56 488 -48
-56 488 -48
-50 485 -45
-54 488 -50
-54 488 -50
-51 486 -49
-55 488 -49
-53 489 -47
-53 489 -47
-53 490 -49
-54 488 -51
-50 485 -50
-50 485 -50
-53 491 -49
-52 486 -42
-51 486 -52
-52 488 -46
-50 488 -50
-50 488 -50
-54 489 -50
-50 488 -50
-52 486 -51
-56 489 -46
-53 489 -48
-53 491 -49
-54 489 -50
-50 488 -48
-54 487 -49
-54 487 -49
-54 487 -47
-54 491 -52
-54 491 -52
-54 490 -49
-50 488 -47
-50 486 -50
-54 490 -50
-55 489 -48
-55 489 -48
-53 490 -50
-55 487 -51
-51 489 -49
-54 492 -49
-53 489 -46
-51 490 -49
-54 490 -48
-54 484 -49
-54 490 -48
-50 489 -50
-51 489 -51
-55 489 -47
-54 488 -48
-55 489 -50
-55 492 -46
-52 486 -52
-54 488 -49
-51 485 -49
-50 488 -50
-55 488 -49
-55 488 -49
-52 488 -49
-51 492 -50
-51 492 -50
-53 490 -48
-56 490 -46
-53 487 -51
-51 487 -50
-53 492 -51
-51 490 -48
-51 486 -45
-54 490 -52
-54 486 -47
-55 490 -51
-55 490 -51
-51 485 -48
-52 490 -51
-54 487 -49
-17 483 -13
-73 496 -38
-61 496 -37
-61 496 -37
-117 516 -17
-69 493 -39
-96 501 -13
-96 501 -13
-86 497 -26
-86 497 -26
-66 491 -30
-66 491 -30
-86 497 -18
-86 497 -18
-105 503 -9
-119 512 -5
-106 508 -1
-106 508 -1
-115 506 -3
-139 513 3
-144 511 -3
-159 521 12
-156 524 25
-156 534 43
-130 518 23
-110 509 18
-168 532 41
-137 517 25
-132 516 21
-144 525 0
-147 525 0
-148 528 -1
-150 529 2
-150 529 2
-148 525 5
-148 525 7
-148 527 4
-151 525 8
-150 528 1
-150 528 1
-149 525 10
-152 527 2
-149 527 5
-149 525 4
-151 527 2
-147 525 2
-147 525 2
-152 525 1
-152 525 3
-149 523 3
-151 528 5
-150 526 5
-150 526 5
-150 525 4
-150 530 2
-150 524 5
-152 525 2
-149 526 6
-149 525 3
-149 525 3
-153 526 5
-146 523 3
-152 526 3
-152 529 0
-150 524 2
-150 527 4
-150 527 4
-149 529 2
-149 524 5
-151 526 2
-148 525 8
-149 527 3
-149 527 3
-151 526 5
-148 525 2
-152 530 1
-148 528 4
-148 527 5
-152 526 2
-152 526 2
-149 527 2
-152 529 5
-147 527 5
-151 527 3
-153 527 2
-153 527 2
-149 526 3
-151 528 1
-150 528 2
-146 525 -1
-150 527 5
-150 528 4
-150 528 4
-151 526 4
-151 526 3
-147 524 1
-152 527 4
-150 525 4
-151 525 0
-151 525 0
-152 526 2
-147 524 5
-151 528 0
-151 526 5
-152 525 4
-152 525 4
-151 528 4
-150 527 2
-152 525 3
-150 530 3
-148 526 5
-150 530 3
-150 530 3
-151 528 3
-150 528 4
-148 526 4
-147 525 5
-151 527 1
-151 527 1
-150 527 9
-149 524 4
-150 524 -1
-154 527 2
-149 527 0
-155 527 0
-149 527 2
-150 527 3
-150 527 3
-152 526 2
-147 525 4
-151 528 1
-150 528 6
-148 523 2
-148 523 2
-147 531 5
-148 528 1
-146 525 3
-150 526 4
-151 526 2
-149 526 2
-149 526 2
-151 525 2
-147 526 7
-153 529 3
-148 524 2
-152 524 2
-152 524 2
-152 527 4
-148 525 4
-152 529 5
-149 526 3
-149 527 2
-150 527 3
-150 527 3
-148 527 2
-152 524 2
-149 525 1
-147 526 3
-153 528 3
-153 528 3
-147 529 2
-151 527 3
-151 526 2
-149 525 2
-151 529 6
-150 524 1
-151 527 3
-151 527 1
-147 524 5
-152 526 1
-152 526 1
-148 527 2
-149 523 1
-152 528 3
-147 523 5
-148 524 2
-148 524 2
-152 525 6
-148 525 3
-150 527 6
-151 526 2
-153 526 1
-149 525 1
-152 527 0
-147 525 3
-147 525 3
-148 526 11
-152 529 2
-150 528 6
-151 526 1
-150 528 5
-147 524 2
-147 524 2
-154 526 2
-149 525 0
-152 528 1
-149 527 4
-152 526 5
-151 526 2
-145 525 10
-154 526 2
-154 526 2
-150 525 4
-152 525 2
-150 525 6
-149 526 3
-152 525 4
-150 526 5
-150 526 5
-150 524 4
-156 527 4
-147 523 4
-152 525 3
-149 526 2
-149 526 2
-148 523 5
-152 527 1
-147 525 5
-149 528 3
-153 527 4
-149 525 2
-149 525 2
-151 529 6
-148 528 5
-152 527 3
-152 523 3
-152 523 3
-151 526 1
-150 526 5
-150 529 2
-150 529 2
-152 524 4
-151 526 1
-149 527 4
-145 527 1
-154 528 2
-150 525 1
-150 525 1
-151 525 1
-152 525 3
-151 525 3
-151 525 3
-150 527 2
-150 527 2
-147 528 4
-152 526 2
-146 526 3
-149 530 4
-149 526 3
-150 523 3
-150 523 3
-152 529 1
-148 526 3
-149 527 3
-153 528 3
-149 524 2
-151 527 5
-148 528 0
-148 527 5
-154 528 3
-154 528 3
-153 527 3
-151 524 3
-152 527 0
-148 524 0
-150 527 0
-150 527 0
-148 524 3
-148 524 3
-151 525 2
-150 530 0
-147 528 5
-151 527 12
-150 525 4
-150 525 4
-151 525 6
-152 526 2
-151 525 1
-151 525 1
-152 528 3
-147 525 2
-152 524 3
-147 527 3
-150 525 2
-150 525 2
-150 525 2
-148 525 2
-151 529 6
-154 527 -1
-148 527 3
-152 527 1
-152 527 1
-148 525 6
-149 529 0
-152 524 0
-148 526 4
-154 527 4
-150 528 5
-152 525 2
-147 525 3
-147 525 3
-151 526 8
-150 526 5
-151 527 2
-149 526 2
-149 527 2
-150 526 3
-150 526 3
-150 527 2
-149 524 5
-153 527 2
-147 526 3
-151 527 2
-151 527 2
-152 529 8
-146 526 1
-152 528 5
-147 524 2
-151 529 5
-151 523 4
-149 527 2
-150 526 1
-148 527 1
-148 527 1
-153 528 0
-149 524 10
-153 525 1
-148 527 2
-149 528 3
-149 528 3
-151 526 2
-151 527 2
-151 526 4
-152 526 2
-149 526 6
-151 525 2
-151 525 2
-154 527 2
-147 526 3
-149 528 -1
-150 526 4
-150 526 4
-151 525 3
-149 525 2
-149 525 2
-148 526 6
-155 526 3
-150 527 4
-149 529 3
-150 528 1
-146 524 4
-146 524 4
-151 527 1
-151 524 4
-151 526 3
-147 530 4
-146 525 7
-146 525 7
-155 527 1
-152 526 2
-150 525 4
-146 523 3
-149 525 1
-149 525 1
-149 524 5
-150 524 3
-152 526 9
-151 524 3
-152 528 2
-149 527 1
-149 527 1
-150 527 1
-152 528 2
-147 524 5
-151 525 0
-151 526 3
-151 525 6
-151 525 6
-153 527 2
-147 526 4
-151 529 1
-152 528 4
-152 523 3
-151 527 4
-148 524 3
-150 524 3
-152 526 1
-152 526 1
-149 524 3
-150 525 4
-148 525 2
-148 524 3
-155 529 2
-155 529 2
-148 524 2
-149 526 3
-150 527 5
-147 525 3
-150 525 2
-152 524 3
-152 524 3
-151 526 1
-151 528 2
-154 525 4
-154 525 4
-150 527 1
-149 524 2
-150 527 0
-151 525 3
-150 526 1
-150 526 1
-151 528 6
-151 526 2
-154 524 -1
-148 524 1
-149 526 1
-151 527 2
-151 527 2
-148 525 2
-150 529 3
-150 529 3
-150 524 6
-151 528 4
-146 528 5
-152 525 3
-150 527 6
-149 525 2
-149 525 2
-150 529 2
-150 524 5
-150 526 3
-152 528 2
-149 526 3
-149 526 3
-153 523 1
-151 524 2
-149 526 4
-151 528 0
-151 527 2
-150 527 1
-150 526 2
-148 527 2
-151 525 2
-147 525 4
-147 525 4
-149 526 0
-151 526 3
-147 527 1
-150 527 9
-150 526 3
-150 526 3
-153 522 4
-152 527 0
-150 527 2
-149 524 3
-149 526 8
-150 528 2
-150 528 2
-151 524 3
-149 525 3
-149 526 3
-153 529 1
-148 526 4
-148 526 4
-151 525 10
-150 527 3
-151 522 2
-152 529 1
-149 525 3
-152 527 4
-152 527 4
-150 527 6
-149 525 4
-152 527 1
-150 522 0
-147 527 2
-150 526 2
-150 526 2
-148 525 3
-152 526 4
-150 525 3
-149 526 4
-149 525 1
-149 526 4
-149 529 5
-147 527 2
-147 527 2
-150 527 0
-147 523 3
-149 524 3
-151 526 4
-150 526 3
-150 526 3
-152 524 4
-149 526 5
-159 532 -13
-155 534 -16
-151 533 -15
-152 534 -14
-152 534 -14
-155 529 -15
-154 531 -14
-154 531 -13
-155 531 -16
-158 532 -11
-153 530 -17
-156 532 -14
-156 528 -17
-156 528 -17
-152 531 -14
-155 533 -16
-153 532 -14
-158 533 -15
-156 531 -12
-153 531 -17
-153 531 -17
-156 534 -15
-152 527 -17
-153 532 -14
-153 533 -15
-153 529 -13
-153 529 -13
-158 531 -16
-154 532 -17
-153 532 -14
-156 530 -15
-151 530 -12
-154 532 -16
-154 532 -16
-140 524 -17
-169 524 5
-173 528 -10
-171 528 -1
-185 532 1
-138 515 -12
-138 515 -12
-164 514 0
-164 514 0
-222 543 0
-211 533 21
-215 533 19
-221 527 24
-217 529 33
-217 529 33
-215 524 33
-228 525 37
-220 516 47
-220 516 47
-216 516 51
-216 516 51
-216 516 51
-216 514 50
-216 514 54
-216 514 54
-216 507 57
-217 508 59
-217 508 59
-215 511 60
-219 508 65
-219 508 65
-170 492 62
-170 492 62
-170 492 62
-170 492 62
-179 496 53
-179 496 53
-178 499 56
-179 496 53
-179 496 53
-179 498 57
-179 498 57
-182 496 54
-182 496 54
-175 497 57
-179 496 56
-179 496 56
-176 496 55
-181 500 56
-178 496 59
-178 496 59
-178 497 56
-178 497 56
-178 497 56
-182 499 57
-182 499 57
-178 497 53
-178 497 53
-179 496 54
-178 496 53
-175 498 56
-175 498 56
-175 498 56
-175 498 56
-176 493 59
-176 493 59
-179 498 55
-178 497 55
-175 494 55
-180 499 55
-180 499 55
-176 495 56
-180 497 52
-175 493 56
-180 497 55
-180 497 55
-179 496 55
-179 496 55
-180 499 57
-174 498 56
-174 498 56
-181 497 60
-177 495 54
-177 495 54
-176 499 55
-176 499 55
-181 498 55
-181 498 55
-178 496 54
-181 498 59
-176 497 54
-176 497 54
-181 495 56
-177 496 53
-178 497 56
-178 497 56
-251 514 58
-202 499 45
-202 499 45
-200 501 40
-200 501 40
-193 500 46
-193 500 46
-196 502 49
-194 499 46
-196 500 48
-196 500 48
-193 499 46
-193 499 46
-196 499 46
-193 498 46
-193 498 46
-193 498 49
-193 498 49
-194 498 47
-194 498 47
-197 498 50
-197 498 50
-197 498 50
-189 500 51
-189 500 51
-189 500 51
-192 503 49
-192 499 49
-192 499 49
-192 499 49
-192 500 46
-162 490 61
-162 490 61
-164 487 68
-164 487 68
-168 490 61
-168 490 61
-166 489 62
-166 489 62
-166 490 61
-166 490 61
-169 491 61
-164 492 62
-167 490 63
-166 490 64
-164 489 60
-167 489 62
-167 489 62
-169 492 66
-169 492 66
-168 490 65
-168 490 65
-170 494 64
-165 488 62
-165 488 62
-198 505 88
-198 505 88
-240 518 98
-123 490 80
-123 490 80
-123 490 80
-185 505 75
-185 505 75
-226 514 85
-248 531 101
-179 505 89
-266 537 90
-215 522 85
-130 498 61
-125 489 70
-211 516 82
-198 511 67
-170 504 81
-170 504 81
-226 510 83
-217 525 79
-160 494 51
-174 497 61
-200 521 79
-200 521 79
-155 494 38
-197 507 49
-147 490 43
-233 520 71
-148 498 42
-148 498 42
-197 510 22
-197 510 22
-195 510 21
-199 507 22
-197 507 25
-201 505 24
-200 510 23
-197 505 22
-199 510 24
-199 510 24
-195 507 24
-200 507 23
-200 507 23
-195 504 24
-199 506 23
-197 506 24
-200 507 23
-200 504 22
-200 504 22
-195 506 25
-199 508 23
-199 508 24
-193 506 25
-193 506 25
-202 507 23
-198 505 25
-200 509 23
-199 506 29
-195 505 26
-201 507 25
-201 507 25
-197 509 25
-199 508 20
-231 512 85
-173 503 95
-172 501 94
-172 501 94
-172 501 94
-173 502 89
-173 502 89
-173 505 97
-174 505 97
-169 499 87
-169 499 87
-169 499 87
-170 504 89
-172 503 89
-172 503 89
-173 499 91
-174 502 92
-171 502 88
-174 503 88
-171 501 91
-171 501 91
-176 503 86
-176 503 86
-176 503 86
-175 506 90
-171 504 89
-171 504 89
-173 502 89
-173 502 88
-174 504 86
-174 504 86
-173 504 89
-173 504 89
-172 503 89
-172 503 89
-172 503 89
-172 503 89
-175 504 89
-175 502 88
-175 504 88
-173 502 88
-173 502 88
-173 502 88
-173 502 88
-172 502 87
-172 502 87
-171 502 90
-171 503 88
-173 503 88
-173 503 88
-173 502 88
-173 499 86
-173 499 86
-173 499 86
-172 503 90
-172 503 90
-171 501 85
-172 500 86
-172 500 86
-175 504 87
-178 505 83
-178 505 83
-174 502 87
-174 502 87
-172 502 87
-172 502 87
-173 505 86
-171 503 86
-174 503 84
-173 502 87
-207 505 13
-207 505 13
-195 506 25
-195 506 25
-195 507 25
-199 505 23
-199 505 23
-195 504 23
-193 503 23
-198 505 24
-195 505 24
-194 504 21
-194 504 21
-194 504 21
-197 507 24
-192 505 24
-192 505 24
-192 505 24
-194 508 32
-194 508 32
-194 508 32
-197 506 28
-197 506 28
-195 508 25
-199 506 26
-194 504 23
-194 504 23
-194 504 21
-194 504 21
-195 505 26
-193 504 25
-198 509 24
-194 504 23
-192 504 24
-197 506 24
-193 504 27
-193 506 25
-194 505 27
-194 505 27
-191 504 20
-191 504 20
-193 507 22
-193 507 22
-195 504 25
-199 502 26
-199 502 26
-199 502 26
-192 504 25
-194 505 26
-194 505 26
-199 507 23
-193 505 24
-193 505 24
-196 507 26
-196 507 26
-196 507 26
-194 503 23
-195 503 21
-196 507 22
-195 506 25
-194 504 26
-192 504 23
-199 505 22
-199 505 22
-192 505 24
-192 505 24
-198 506 21
-198 506 21
-198 506 21
-194 508 24
-194 508 24
-193 507 25
-193 507 25
-198 503 23
-198 503 23
-196 506 29
-196 508 25
-192 507 23
-194 503 25
-194 503 25
-196 505 24
-196 505 24
-196 505 24
-193 503 25
-197 509 24
-197 509 24
-197 509 24
-197 509 24
-198 504 24
-198 504 24
-193 503 23
-197 509 22
-197 509 22
-192 503 25
-192 505 23
-192 505 23
-198 507 23
-193 507 25
-193 507 25
-195 506 24
-195 506 24
-194 504 26
-197 505 21
-194 508 24
-194 509 24
-194 509 24
-193 505 24
-193 505 24
-193 505 24
-196 504 25
-196 504 25
-196 504 25
-197 507 25
-197 507 25
-197 507 25
-197 505 22
-197 505 22
-197 505 22
-203 509 9
-203 509 9
-206 511 7
-202 513 6
-201 513 5
-201 513 5
-201 513 5
-201 513 5
-200 512 3
-198 513 4
-201 510 -13
-201 510 -13
-200 511 5
-200 511 5
-202 511 3
-202 511 3
-202 511 3
-202 515 6
-202 515 6
-196 512 6
-196 512 6
-196 512 6
-200 514 3
-200 514 3
-202 511 4
-202 511 4
-200 511 1
-200 511 1
-200 511 1
-197 512 1
-197 512 1
-197 512 5
-197 512 5
-197 512 5
-197 513 4
-197 513 4
-201 511 5
-201 511 5
-199 513 5
-199 513 5
-199 513 5
-203 513 3
-203 513 3
-203 513 3
-199 513 4
-199 513 4
-199 513 4
-201 511 2
-201 511 2
-202 513 1
-202 513 1
-202 513 1
-197 510 4
-197 510 4
-202 509 5
-202 509 5
-202 509 5
-199 511 4
-199 511 4
-199 511 4
-199 509 4
-199 509 4
-199 509 4
-200 512 4
-200 512 4
-199 510 6
-199 510 6
-202 511 10
-202 511 10
-191 505 22
-191 505 22
-191 505 22
-187 504 23
-187 504 23
-196 508 24
-196 508 24
-190 508 26
-190 508 26
-196 508 20
-196 508 20
-192 506 23
-192 506 23
-192 506 23
-195 505 21
-195 505 21
-195 505 21
-195 505 21
-193 502 21
-191 507 22
-191 508 24
-196 507 24
-193 506 21
-194 510 26
-194 510 26
-191 505 23
-190 506 24
-194 508 22
-193 505 23
-193 505 23
-194 506 23
-194 506 21
-191 503 26
-190 510 23
-189 505 22
-193 506 23
-190 503 27
-190 503 27
-195 508 23
-195 508 23
-190 506 24
-189 507 23
-193 509 25
-190 501 21
-190 501 21
-191 504 23
-192 508 23
-193 507 23
-193 507 26
-194 508 25
-194 508 25
-190 506 27
-194 505 22
-194 507 22
-189 506 25
-194 509 23
-194 509 23
-192 505 21
-192 504 25
-192 504 25
-188 505 23
-193 503 21
-190 505 24
-190 505 24
-195 506 22
-190 503 22
-195 504 23
-195 506 22
-190 506 23
-192 505 20
-193 507 22
-193 507 22
-191 504 23
-191 504 23
-190 506 22
-190 504 20
-190 504 20
-196 509 24
-190 505 20
-190 505 20
-192 508 24
-193 506 22
-192 505 22
-192 507 24
-191 508 26
-194 509 24
-187 504 26
-191 507 23
-190 508 22
-187 505 22
-187 505 22
-196 508 25
-190 507 25
-192 507 24
-192 507 24
-194 507 21
-194 507 21
-191 505 25
-194 508 22
-189 506 24
-191 505 23
-194 507 25
-192 507 22
-191 506 22
-190 503 21
-195 507 24
-193 507 24
-191 506 21
-191 506 21
-195 506 22
-190 503 22
-194 511 19
-189 506 22
-191 508 24
-190 506 25
-190 506 25
-195 508 23
-191 504 21
-191 504 21
-193 509 22
-193 509 22
-193 509 22
-191 505 23
-191 505 23
-190 506 25
-192 509 23
-187 505 27
-194 506 23
-194 506 23
-191 509 22
-193 506 21
-193 504 21
-193 505 28
-192 506 19
-191 502 24
-182 497 12
-175 495 16
-197 503 14
-197 503 14
-198 513 18
-198 513 18
-194 506 14
-194 506 14
-148 506 3
-264 530 37
-222 511 25
-174 504 13
-209 520 15
-221 511 40
-221 511 40
-225 508 46
-225 508 46
-225 508 46
-236 496 55
-236 496 55
-245 495 68
-236 488 78
-240 485 83
-240 485 83
-238 482 86
-243 481 92
-239 481 93
-238 483 93
-238 483 93
-243 482 93
-239 483 91
-239 478 94
-239 478 94
-242 479 94
-242 479 94
-233 476 102
-233 476 102
-233 476 102
-228 472 92
-230 472 98
-230 472 98
-230 475 102
-230 475 102
-236 478 96
-236 478 96
-236 478 96
-233 475 100
-233 475 99
-235 475 100
-235 475 100
-235 475 100
-232 475 103
-232 475 103
-233 472 100
-233 472 100
-233 472 100
-234 475 105
-234 475 105
-232 476 102
-233 474 101
-234 474 101
-234 474 101
-232 475 99
-232 475 99
-233 476 101
-235 477 100
-235 477 100
-230 473 104
-238 475 106
-231 476 101
-233 478 100
-236 478 100
-236 478 100
-230 478 103
-234 478 102
-235 475 104
-230 474 105
-232 474 101
-231 476 99
-231 476 99
-234 474 102
-233 478 102
-233 478 102
-233 473 100
-233 473 100
-236 477 103
-233 478 101
-234 476 99
-231 476 99
-231 476 99
-234 475 102
-232 476 102
-232 476 102
-234 475 100
-233 475 99
-233 473 98
-236 475 101
-231 476 99
-235 476 101
-235 475 102
-235 473 100
-235 473 100
-233 474 100
-233 474 100
-232 475 98
-235 475 98
-235 477 101
-235 477 101
-232 472 102
-232 476 101
-231 477 100
-231 477 100
-231 477 100
-231 477 100
-234 476 102
-231 475 101
-231 475 101
-233 475 100
-236 479 102
-236 479 102
-231 475 103
-231 475 103
-231 475 99
-232 476 100
-228 475 102
-228 475 102
-235 477 101
-235 477 101
-235 477 101
-230 474 100
-232 474 99
-232 474 99
-234 474 102
-234 474 102
-233 473 100
-236 475 100
-236 475 100
-235 477 101
-235 477 101
-231 474 102
-234 475 101
-234 475 101
-232 475 100
-232 475 100
-232 475 100
-232 475 100
-232 475 100
-232 475 100
-234 475 102
-278 489 100
-278 489 100
-169 457 67
-169 457 67
-168 460 67
-168 460 67
-168 458 69
-168 458 69
-172 455 67
-171 458 68
-171 458 68
-171 458 68
-170 460 70
-168 457 67
-168 457 67
-168 457 67
-167 459 69
-167 459 69
-175 461 69
-175 461 69
-175 461 69
-171 457 69
-171 457 69
-171 457 69
-172 461 74
-172 461 74
-175 458 73
-175 458 73
-168 458 71
-172 458 71
-171 459 76
-174 460 73
-171 458 70
-171 458 74
-171 457 74
-175 457 79
-171 456 77
-168 459 78
-168 459 78
-172 460 73
-173 457 74
-176 463 78
-173 457 77
-219 480 101
-212 465 108
-291 499 137
-174 458 91
-164 452 100
-194 471 124
-164 457 93
-283 483 99
-260 485 116
-173 457 95
-173 457 95
-173 457 95
-197 459 85
-197 459 85
-197 459 85
-254 475 91
-177 459 91
-177 459 91
-177 459 91
-177 459 91
-177 459 91
-179 453 77
-179 453 77
-252 472 92
-252 472 92
-238 465 84
-238 465 84
-238 465 84
-174 452 61
-283 488 82
-283 488 82
-283 488 82
-272 473 71
-266 472 76
-266 472 76
-268 473 70
-268 473 70
-272 473 73
-257 470 47
-257 470 47
-257 470 47
-259 473 49
-258 472 51
-258 472 51
-254 471 49
-262 475 50
-259 472 49
-259 472 49
-259 472 49
-257 473 51
-257 473 51
-257 472 48
-257 473 50
-257 473 50
-258 472 47
-258 472 47
-257 473 50
-261 473 50
-260 471 51
-257 473 50
-261 471 51
-261 471 51
-258 472 49
-258 472 49
-257 471 51
-260 474 50
-260 474 53
-257 472 52
-260 473 47
-258 475 52
-253 473 48
-253 473 48
-256 471 56
-256 471 48
-259 472 51
-259 472 51
-256 472 52
-256 472 52
-255 472 48
-258 471 48
-258 471 49
-258 471 49
-258 471 49
-256 472 55
-258 471 48
-258 471 48
-258 471 48
-263 475 50
-255 474 49
-255 474 49
-258 472 47
-258 472 47
-256 468 51
-257 471 52
-257 475 52
-254 473 51
-254 473 51
-254 473 51
-260 471 48
-226 471 83
-234 470 81
-233 470 79
-233 470 79
-237 471 77
-235 470 78
-232 471 75
-232 471 75
-238 472 72
-238 472 72
-230 469 76
-236 471 73
-236 471 73
-236 471 73
-238 471 74
-235 471 72
-240 470 73
-240 470 73
-240 470 73
-235 472 72
-235 470 71
-235 470 71
-238 472 73
-238 472 73
-233 470 74
-239 472 72
-239 472 70
-239 472 70
-239 471 69
-239 471 69
-236 472 73
-254 470 46
-254 470 46
-254 470 46
-252 469 45
-254 467 47
-252 467 46
-252 467 46
-252 467 46
-253 468 47
-250 468 46
-250 468 46
-253 470 48
-256 468 48
-251 468 46
-251 468 46
-253 468 46
-254 468 49
-254 468 49
-250 468 47
-253 469 48
-253 469 48
-255 467 48
-253 469 47
-253 469 47
-252 467 46
-252 467 46
-256 469 46
-251 466 48
-254 467 43
-254 467 43
-257 469 46
-249 469 46
-256 469 49
-257 471 47
-252 468 45
-252 468 45
-255 470 45
-254 467 48
-252 468 49
-254 466 48
-252 466 47
-254 469 46
-254 469 46
-250 467 47
-250 467 47
-253 472 47
-251 469 48
-251 469 48
-251 469 48
-252 467 45
-255 469 47
-255 469 47
-250 467 45
-254 470 47
-252 469 48
-252 469 48
-253 469 46
-253 469 45
-253 469 45
-253 469 45
-254 466 51
-254 466 51
-254 466 51
-253 466 46
-253 467 46
-253 467 46
-252 469 46
-254 468 44
-250 466 46
-249 467 46
-254 468 48
-252 466 46
-255 469 47
-250 468 50
-255 471 44
-252 467 47
-254 469 44
-255 467 47
-255 467 47
-251 468 46
-257 470 49
-257 470 49
-253 467 45
-252 464 47
-254 468 49
-254 468 49
-253 467 48
-254 468 49
-254 468 49
-251 467 46
-254 467 46
-252 466 46
-251 480 81
-247 479 83
-251 479 77
-251 479 77
-249 477 82
-254 476 77
-255 478 77
-251 474 77
-251 474 77
-253 478 74
-253 478 74
-250 477 74
-253 477 74
-253 477 74
-253 476 76
-254 477 76
-254 477 76
-254 477 76
-254 480 75
-253 479 72
-253 479 72
-250 476 75
-250 476 75
-252 481 74
-252 476 71
-253 477 71
-251 480 72
-255 479 73
-252 467 46
-252 467 46
-253 471 43
-252 468 46
-255 468 47
-250 467 47
-250 467 47
-252 469 48
-253 469 48
-256 469 47
-248 468 45
-251 467 47
-249 465 46
-249 465 46
-252 468 47
-251 467 44
-251 467 44
-251 464 50
-253 469 47
-249 466 45
-253 465 47
-253 465 47
-246 466 49
-246 466 49
-252 468 47
-254 469 50
-254 469 50
-254 469 50
-254 468 49
-254 468 49
-315 482 41
-225 469 46
-225 469 46
-225 469 46
-292 489 74
-292 489 74
-231 461 50
-245 476 61
-303 480 61
-277 479 64
-331 487 90
-331 487 90
-324 479 99
-230 437 76
-230 437 76
-257 444 91
-257 445 92
-255 446 93
-252 445 91
-260 445 102
-252 444 93
-257 446 93
-253 446 93
-253 446 93
-257 447 94
-255 445 97
-255 443 92
-255 444 93
-254 445 92
-256 443 101
-253 443 94
-252 444 96
-256 446 93
-250 443 96
-254 444 93
-242 451 118
-238 451 115
-238 451 115
-246 449 114
-241 449 117
-241 449 117
-239 447 114
-242 452 114
-238 448 113
-244 450 113
-240 450 112
-241 450 113
-241 450 113
-241 449 114
-238 449 115
-238 449 115
-240 449 112
-240 449 115
-239 447 115
-242 450 114
-238 448 116
-243 453 112
-243 450 113
-236 451 115
-240 450 111
-239 447 115
-239 448 112
-242 449 112
-236 448 113
-241 447 117
-239 450 118
-241 448 112
-243 451 113
-240 451 114
-239 453 105
-246 454 110
-237 461 100
-236 462 94
-228 465 89
-233 467 94
-238 472 92
-228 469 85
-229 473 83
-226 470 85
-227 467 84
-230 471 83
-226 470 81
-225 471 80
-229 468 84
-225 468 83
-230 470 81
-228 470 86
-228 470 85
-230 470 85
-224 470 84
-226 471 82
-224 466 84
-227 469 82
-232 471 85
-223 470 83
-228 468 86
-228 468 86
-226 469 85
-223 468 82
-233 475 112
-275 482 88
-205 463 84
-205 463 84
-264 477 112
-264 477 112
-276 478 104
-276 478 104
-232 466 89
-232 466 89
-232 466 89
-241 475 106
-241 475 106
-304 495 112
-304 495 112
-177 454 77
-253 482 99
-253 482 99
-284 478 84
-175 445 46
-175 445 46
-265 471 72
-265 471 72
-259 470 68
-265 472 70
-261 472 69
-261 472 69
-266 470 68
-259 470 70
-263 470 70
-263 470 70
-263 470 70
-265 472 68
-260 470 70
-258 467 53
-261 471 52
-261 471 52
-257 471 51
-263 472 52
-260 469 49
-261 470 50
-258 472 53
-258 472 53
-262 473 50
-259 469 55
-260 470 50
-259 471 51
-259 471 51
-257 469 50
-263 472 52
-263 472 52
-260 472 55
-260 472 55
-256 468 56
-263 471 52
-263 471 52
-259 469 51
-262 470 52
-261 470 50
-260 470 52
-260 470 52
-258 470 53
-260 471 50
-260 471 50
-256 473 50
-261 467 52
-258 472 53
-256 472 53
-256 472 53
-262 470 53
-262 470 53
-262 470 53
-262 470 53
-260 469 61
-260 471 55
-260 471 55
-258 471 54
-258 466 55
-257 471 52
-259 469 53
-261 472 51
-261 472 51
-262 472 49
-258 471 52
-260 470 53
-261 469 49
-261 469 49
-256 470 51
-265 470 53
-255 469 52
-264 472 55
-264 472 55
-259 470 53
-260 473 52
-260 473 52
-258 476 53
-260 475 53
-260 475 53
-256 470 52
-253 471 53
-253 471 53
-252 472 56
-252 471 56
-254 472 53
-252 470 54
-252 470 54
-257 470 56
-256 474 57
-248 471 55
-253 471 57
-254 473 57
-250 470 62
-250 470 62
-250 470 62
-249 477 57
-249 477 57
-245 471 65
-245 471 65
-245 471 65
-247 468 64
-247 468 64
-244 473 64
-244 472 63
-247 474 66
-247 474 66
-244 470 64
-245 471 63
-278 480 108
-278 480 108
-279 481 102
-274 479 101
-274 479 101
-278 481 98
-275 483 100
-275 483 100
-272 480 100
-272 480 100
-275 482 98
-275 480 95
-271 478 97
-274 481 97
-273 480 95
-275 480 95
-272 479 95
-272 479 95
-268 481 95
-276 483 99
-276 483 99
-273 481 93
-273 481 93
-278 481 92
-274 483 93
-274 483 93
-274 483 93
-273 481 95
-275 476 96
-275 476 96
-268 480 94
-268 480 94
-268 480 94
-194 456 65
-194 456 65
-198 458 59
-260 474 75
-260 474 75
-285 492 84
-234 466 55
-302 477 106
-302 477 106
-302 477 106
-302 477 106
-310 470 118
-318 461 115
-316 455 128
-296 438 143
-296 438 143
-288 438 143
-289 435 143
-289 435 143
-288 434 148
-292 432 150
-292 438 149
-290 433 146
-290 432 147
-287 431 147
-287 431 147
-291 435 145
-287 432 148
-287 432 148
-291 431 147
-289 435 144
-289 435 144
-293 434 147
-287 433 148
-289 434 146
-288 433 147
-291 434 148
-288 433 145
-292 432 154
-292 432 154
-285 433 149
-289 433 150
-289 433 150
-289 434 145
-290 436 149
-290 436 149
-290 433 147
-290 433 147
-290 434 147
-290 434 147
-284 435 148
-292 435 148
-287 436 146
-292 434 147
-292 434 147
-288 433 149
-290 433 148
-290 433 148
-291 433 148
-284 433 148
-284 433 148
-290 434 144
-289 433 147
-287 433 148
-287 433 148
-290 433 146
-290 432 148
-289 436 147
-287 434 149
-289 436 148
-286 433 149
-289 433 146
-289 433 146
-284 434 146
-289 430 148
-289 430 148
-289 434 147
-290 433 152
-286 430 148
-287 434 144
-289 430 149
-289 430 149
-289 433 148
-287 433 149
-288 435 147
-289 436 145
-286 433 148
-285 432 146
-285 432 146
-293 435 149
-285 433 148
-285 433 148
-291 434 148
-287 433 146
-287 433 146
-292 437 148
-287 432 145
-286 434 148
-286 434 148
-289 433 147
-289 433 147
-291 434 148
-286 433 147
-288 434 148
-285 434 145
-285 435 149
-285 435 146
-289 435 146
-288 434 145
-285 433 148
-290 434 149
-292 432 147
-292 432 147
-288 434 148
-286 433 145
-286 433 145
-286 432 146
-286 432 147
-286 432 147
-193 399 136
-206 415 157
-233 425 149
-260 428 132
-266 425 134
-216 413 124
-216 413 124
-221 408 126
-270 421 135
-256 413 131
-288 427 144
-233 416 123
-277 429 129
-277 429 129
-252 410 122
-252 410 122
-277 432 143
-186 400 119
-186 400 119
-191 393 109
-191 393 109
-201 392 107
-248 397 122
-195 384 110
-225 391 121
-245 399 138
-148 372 131
-218 406 152
-184 378 141
-194 389 149
-193 388 115
-194 399 113
-194 409 118
-191 412 115
-191 412 115
-180 421 113
-189 431 121
-206 443 135
-206 443 135
-206 446 162
-254 453 178
-203 433 157
-319 461 207
-346 468 216
-346 468 216
-348 453 223
-345 446 233
-331 415 253
-331 415 253
-341 412 260
-342 388 264
-342 388 264
-346 376 278
-254 317 292
-268 321 279
-267 318 282
-266 322 287
-266 322 287
-266 314 293
-271 318 283
-269 317 286
-271 316 285
-270 319 288
-270 319 288
-274 315 287
-274 315 287
-269 316 286
-266 318 285
-271 314 292
-269 317 287
-272 319 284
-274 316 283
-268 317 287
-271 315 287
-267 316 285
-273 315 285
-273 315 285
-271 316 288
-270 318 286
-270 318 286
-271 317 286
-271 317 286
-273 316 285
-274 316 283
-269 317 287
-270 317 287
-271 314 287
-270 316 285
-275 316 285
-270 314 289
-270 317 286
-274 317 286
-274 317 286
-268 315 287
-275 318 285
-272 315 286
-266 316 289
-272 313 286
-272 313 286
-267 315 288
-272 315 288
-268 315 285
-270 315 283
-271 316 287
-271 318 287
-269 317 284
-269 317 284
-270 316 287
-270 318 287
-273 313 284
-272 316 290
-272 315 286
-271 316 286
-261 317 289
-254 317 289
-251 314 290
-248 314 292
-248 314 292
-247 314 288
-215 323 283
-215 323 283
-184 319 284
-175 324 271
-175 324 271
-175 322 265
-175 322 268
-171 320 264
-175 321 266
-172 322 268
-169 323 265
-169 323 265
-172 323 267
-172 323 267
-174 321 267
-171 323 267
-176 321 268
-171 322 267
-173 321 269
-168 321 267
-171 319 267
-171 319 267
-170 320 266
-170 320 266
-201 330 259
-201 330 259
-195 321 255
-262 331 269
-182 300 263
-187 304 261
-187 304 261
-176 292 275
-182 296 274
-177 294 277
-177 294 277
-185 294 279
-179 295 284
-179 297 280
-183 296 278
-177 295 281
-183 297 277
-180 297 279
-182 296 283
-182 296 283
-180 294 275
-180 296 279
-180 296 279
-179 294 286
-184 296 281
-177 293 281
-177 297 295
-173 295 296
-177 301 295
-180 302 303
-179 303 293
-179 303 293
-182 299 295
-180 302 294
-178 304 295
-179 303 293
-179 303 293
-181 304 297
-180 303 297
-181 301 294
-180 302 293
-180 302 294
-182 302 291
-182 302 291
-183 300 294
-176 304 295
-176 304 295
-177 304 293
-177 304 293
-180 303 290
-178 304 291
-178 304 291
-179 302 293
-178 302 294
-178 303 291
-183 300 293
-182 302 293
-177 302 293
-183 300 299
-183 300 299
-184 302 293
-179 305 304
-179 305 304
-183 300 301
-179 302 293
-179 302 293
-180 300 294
-177 303 294
-177 303 294
-183 303 294
-179 302 292
-179 302 292
-179 303 293
-184 301 293
-181 303 293
-181 303 293
-175 304 293
-175 304 293
-177 302 292
-180 301 292
-180 301 292
-180 300 295
-175 303 294
-182 299 295
-182 299 295
-178 303 291
-178 305 294
-180 303 292
-181 302 292
-181 302 292
-178 301 294
-183 303 296
-183 303 296
-183 303 296
-177 301 294
-179 303 293
-179 303 293
-178 301 296
-183 300 293
-183 300 293
-182 301 293
-176 302 292
-176 302 292
-181 302 293
-181 302 293
-178 303 293
-183 299 296
-179 304 293
-177 299 293
-177 299 293
-183 300 295
-182 302 294
-182 302 294
-177 305 292
-177 305 292
-182 303 295
-178 301 293
-178 301 293
-181 301 288
-181 301 288
-179 300 296
-179 300 296
-175 303 295
-183 301 294
-178 300 294
-181 300 291
-181 300 291
-180 303 297
-179 301 297
-179 301 297
-181 303 296
-181 303 296
-179 302 293
-180 301 292
-180 301 292
-183 300 295
-176 302 293
-181 302 294
-181 302 294
-182 300 294
-174 303 294
-174 302 291
-174 302 291
-183 303 295
-178 302 294
-178 302 294
-177 302 293
-185 303 294
-178 302 293
-179 301 294
-179 301 294
-181 303 292
-181 303 292
-178 303 292
-182 301 293
-182 301 293
-177 301 293
-178 306 291
-185 304 295
-180 304 294
-178 300 295
-180 302 295
-182 301 301
-182 301 301
-179 303 295
-181 301 295
-181 301 295
-177 302 296
-173 304 295
-173 304 295
-178 301 294
-176 301 293
-176 301 293
-176 301 293
-182 302 293
-182 302 293
-177 301 296
-180 302 295
-180 302 295
-179 301 296
-175 301 292
-175 301 292
-182 302 297
-176 305 294
-176 305 294
-181 302 295
-178 303 291
-182 304 295
-182 304 295
-179 301 289
-180 302 294
-180 302 294
-181 303 293
-177 304 292
-177 304 292
-181 303 293
-182 301 290
-182 301 290
-177 302 292
-183 301 295
-183 301 295
-177 302 290
-179 302 294
-179 302 294
-179 302 295
-177 303 293
-177 303 293
-181 301 294
-177 299 293
-177 299 293
-176 301 294
-180 302 295
-180 302 295
-179 303 294
-179 303 294
-176 306 291
-176 306 291
-184 302 295
-177 299 295
-177 299 295
-183 300 297
-184 300 293
-184 300 293
-180 302 295
-180 302 292
-180 302 292
-181 303 293
-182 304 294
-182 304 294
-176 302 291
-176 302 291
-182 303 295
-181 303 296
-181 303 296
-177 302 294
-177 302 294
-180 300 294
-180 300 294
-221 312 329
-221 312 329
-112 273 319
-80 247 281
-235 296 344
-235 296 344
-237 297 346
-240 302 343
-240 302 343
-233 299 344
-242 302 343
-237 304 340
-236 298 343
-234 303 341
-239 300 344
-239 300 344
-236 302 344
-235 303 342
-231 303 342
-231 303 342
-238 303 341
-238 303 341
-240 301 344
-240 301 344
-238 302 343
-238 302 343
-240 303 340
-237 305 339
-237 305 339
-202 286 265
-199 288 264
-199 288 264
-202 289 267
-202 289 267
-202 289 267
-200 288 265
-200 288 265
-203 291 264
-203 291 264
-203 291 264
-197 288 264
-201 290 265
-201 290 265
-198 290 263
-202 288 265
-205 290 263
-197 291 264
-198 288 262
-198 289 262
-202 290 267
-199 289 264
-197 289 264
-202 287 265
-198 291 264
-201 288 263
-201 291 264
-201 291 264
-197 286 263
-200 290 265
-198 290 265
-200 289 265
-197 290 263
-202 291 265
-198 289 264
-197 290 265
-202 289 263
-202 289 263
-202 289 263
-198 288 263
-199 290 263
-201 288 265
-198 289 265
-201 289 265
-199 288 266
-199 291 264
-199 291 264
-201 289 263
-201 289 263
-203 289 265
-203 289 265
-203 290 264
-203 290 264
-203 290 264
-197 291 264
-197 291 264
-199 289 264
-202 290 263
-202 290 263
-200 287 267
-200 287 267
-200 287 267
-204 290 265
-204 290 265
-202 288 264
-202 288 264
-202 288 264
-198 290 268
-198 290 268
-200 288 264
-200 288 264
-198 290 263
-198 289 261
-199 289 267
-199 289 267
-199 289 267
-200 290 262
-200 289 262
-200 289 262
-200 288 266
-200 288 268
-199 290 262
-204 289 266
-197 288 266
-197 288 266
-202 290 263
-201 290 265
-201 289 265
-195 292 262
-195 292 262
-202 288 267
-201 288 264
-200 291 263
-196 290 262
-196 290 262
-200 287 271
-200 287 271
-198 287 264
-198 287 264
-202 288 267
-202 288 267
-199 287 264
-199 287 264
-199 287 264
-199 289 263
-199 289 263
-199 292 267
-201 290 265
-200 291 263
-201 288 266
-195 290 264
-200 290 263
-198 288 266
-198 288 266
-200 291 263
-200 289 266
-200 288 266
-201 289 268
-201 289 268
-200 287 263
-204 288 263
-204 288 263
-198 288 264
-198 288 264
-199 290 265
-199 290 265
-195 288 266
-204 287 265
-198 291 266
-197 291 264
-198 291 264
-198 291 264
-200 287 266
-197 291 263
-199 291 267
-199 291 267
-199 289 267
-205 286 266
-198 292 265
-198 292 265
-201 289 264
-204 289 264
-204 289 264
-198 290 263
-201 286 263
-197 286 263
-200 290 263
-197 289 263
-197 289 263
-200 292 266
-198 289 265
-202 288 265
-197 291 264
-200 288 266
-198 291 263
-202 286 266
-200 288 265
-200 288 265
-196 292 264
-196 290 264
-201 290 263
-221 299 310
-199 297 299
-132 282 289
-132 282 289
-136 287 273
-161 307 277
-159 311 284
-110 305 249
-96 297 253
-98 300 240
-102 299 259
-116 304 264
-109 311 247
-91 318 251
-101 326 264
-110 314 263
-71 316 262
-88 325 257
-88 325 257
-28 313 267
-28 313 267
-85 313 253
-85 313 253
-74 334 270
-52 313 266
-67 314 254
-59 306 238
-52 310 245
-80 328 236
-80 328 236
-96 324 252
-106 314 273
-107 323 268
-107 323 268
-102 307 277
-105 314 270
-107 321 267
-100 314 272
-101 315 270
-101 315 270
-110 318 268
-103 319 266
-103 319 266
-110 316 266
12 279 301
-13 267 284
36 259 286
65 240 283
67 237 284
67 237 284
66 232 285
65 238 284
64 236 284
67 235 286
67 235 286
64 235 284
68 236 287
64 237 283
70 238 285
61 236 283
61 236 283
66 237 285
65 234 283
69 238 286
-82 279 254
-82 279 254
-88 275 251
-83 278 252
-81 277 253
-81 277 253
-87 278 250
-81 277 252
-84 275 251
-84 275 251
-81 278 250
-82 275 251
-82 276 252
-87 279 250
-80 277 253
-83 280 254
-83 280 254
-81 276 250
-81 276 250
-84 277 249
-84 277 251
-88 278 250
-84 279 250
-84 279 250
-86 277 250
-86 277 250
-85 280 251
-83 275 251
-85 277 252
-85 277 252
-83 277 250
-81 277 253
-81 277 253
-82 275 250
-89 278 251
-89 278 251
-84 277 252
-81 277 250
-81 277 250
-86 280 251
-80 275 252
-84 275 252
-80 276 249
-83 276 252
-83 276 252
-90 288 297
-42 271 271
-42 271 271
-85 279 282
-21 260 271
-96 295 280
-96 295 280
-65 286 283
-11 260 279
-62 271 296
-48 262 302
-48 262 302
-55 260 283
-18 253 299
-14 258 307
-34 259 290
-4 248 311
-62 258 314
-3 244 302
-59 263 325
-62 255 307
3 243 307
3 243 307
-25 244 311
6 235 308
-49 260 312
-24 250 316
-4 246 328
-27 240 303
-37 255 301
-37 255 301
-27 246 301
-22 252 306
-22 252 306
-32 253 313
-40 267 308
-27 266 308
-28 276 318
-22 276 318
-43 288 321
-43 288 321
-32 280 315
-33 283 312
-36 284 312
-28 286 316
-32 282 313
-31 283 314
-31 283 314
-32 281 312
-32 285 312
-32 284 311
-31 285 314
-34 283 315
-31 285 312
-20 281 321
-29 282 324
-30 283 327
-30 283 327
-30 278 326
-35 281 328
-35 282 330
-35 282 330
-32 283 326
-32 285 329
-31 282 329
-34 283 328
-35 283 327
-34 283 326
-32 284 328
-31 285 326
-32 283 326
-33 282 326
-30 284 328
-31 284 326
-35 283 328
-30 283 326
-31 285 326
-36 282 327
-34 285 327
11 285 355
-62 286 356
-17 280 353
-76 299 348
-73 293 373
-63 297 365
-4 272 347
-5 283 365
10 265 350
-16 268 356
-16 268 356
-21 271 353
-41 277 363
-12 268 346
-64 272 350
-64 272 350
-11 264 349
-56 279 357
-60 264 349
-58 261 354
-58 261 354
-79 262 350
-98 265 356
-100 267 352
-100 267 352
-69 249 354
-69 260 333
-69 252 332
-77 242 327
-77 249 322
-77 249 322
-79 251 332
-74 243 327
-75 242 327
-81 247 324
-78 245 327
-78 250 323
-80 247 326
-78 246 325
-76 247 326
-76 248 325
-76 248 325
-79 249 324
-76 250 326
-81 245 324
-78 246 328
-78 246 328
-77 247 323
-77 247 325
-78 246 323
-78 246 323
-78 245 328
-84 255 311
-84 251 308
-65 256 316
-73 267 311
-69 273 313
-75 278 314
-75 278 314
-66 283 310
-74 289 311
-73 290 313
-73 293 316
-74 293 316
-71 292 312
-74 293 317
-73 294 313
-69 295 311
-73 292 312
-71 296 311
-73 293 311
-74 293 311
-74 293 311
-72 293 314
-71 294 312
-70 294 310
-72 293 312
-74 293 309
-73 291 315
-73 291 315
-71 295 311
-74 289 312
-72 297 312
-67 290 324
-66 287 329
-65 287 330
-65 287 330
-66 285 330
-65 288 327
-65 286 330
-65 287 329
-63 292 327
-63 288 326
-63 288 326
-63 288 333
-64 284 328
-65 287 330
-65 288 332
-63 288 328
-62 288 330
-62 288 330
-64 289 331
-66 286 326
-62 286 329
-63 288 330
-65 285 330
-66 288 328
-62 287 329
-62 287 329
-62 287 329
-62 288 329
-65 288 327
-63 286 334
-66 285 331
-65 285 327
-77 295 313
-77 295 313
-78 293 313
-76 294 311
-75 293 313
-75 295 315
-77 296 314
-76 297 315
-76 297 315
-77 294 312
-76 292 314
-74 295 317
-79 295 315
-74 298 311
-77 293 315
-76 291 313
-78 293 313
-76 293 313
-77 292 312
-75 295 313
-75 295 313
-76 295 316
-78 292 314
-76 295 313
-75 296 312
-75 298 314
-79 293 311
-65 286 331
-61 287 328
-64 287 328
-65 288 327
-64 288 329
-64 288 329
-61 291 330
-64 287 327
-61 286 329
-63 290 329
-64 287 327
-65 287 326
-59 289 328
-64 289 328
-64 290 328
-66 287 326
-64 288 329
-64 288 329
-66 287 331
-62 290 331
-65 286 333
-65 287 331
-62 288 330
-67 287 331
-63 290 332
-62 289 331
-63 284 328
-62 287 327
-62 289 328
-66 287 329
-66 287 329
-63 288 338
-67 289 327
-62 288 331
-62 288 329
-63 286 329
-60 287 331
-65 287 330
-65 287 330
-63 286 330
-61 288 328
-62 289 329
-63 289 326
-61 287 332
-61 287 332
-62 286 335
-63 289 331
-65 289 334
-64 286 329
-65 288 331
-64 286 331
-63 289 327
-65 286 330
-63 286 330
-62 286 328
-65 288 328
-66 286 331
-66 286 331
-60 289 332
-64 289 332
-64 289 330
-64 288 331
-64 290 327
-66 287 328
-66 287 328
-62 287 333
-64 286 329
-66 291 327
-65 285 328
-65 285 328
-65 285 328
-62 283 330
-62 290 330
-67 289 329
-66 289 328
-62 286 329
-63 290 331
-68 288 329
-62 287 330
-65 285 329
-64 288 330
-63 288 328
-63 288 328
-63 287 333
-64 286 329
-61 289 333
-65 288 329
-65 287 329
-64 288 331
-67 288 328
-61 289 330
-63 288 329
-66 289 333
-63 287 329
-65 285 328
-63 289 331
-63 289 331
-66 287 335
-64 288 332
-62 289 330
-61 286 330
-66 289 329
-63 287 330
-61 291 331
-64 288 331
-64 288 328
-65 289 329
-66 287 327
-63 287 335
-64 287 335
-62 288 335
-63 288 331
-64 286 329
-65 287 330
-63 288 327
-64 287 328
-64 288 328
-66 288 329
-65 285 331
-62 288 331
-62 288 327
-62 287 333
-63 287 333
-64 287 328
-62 290 332
-63 287 327
-63 288 329
-66 283 327
-66 283 327
-67 289 329
-64 288 330
-61 288 328
-64 285 329
-66 289 330
-66 289 330
-64 288 331
-65 287 331
-62 288 331
-66 289 330
-65 286 326
-64 290 331
-66 288 331
-60 288 329
-62 287 331
-62 287 331
-60 288 329
-63 290 332
-62 286 328
-65 289 330
-64 287 328
-67 291 337
-65 289 332
-63 287 330
-65 288 329
-64 288 328
-61 288 327
-63 284 331
-64 287 328
-65 289 331
-62 290 327
-62 290 327
-65 287 327
-62 288 331
-65 289 328
-65 289 328
-67 289 328
-65 287 328
-65 287 328
-59 286 331
-62 287 329
-62 288 326
-66 285 329
-64 285 332
-62 288 328
-61 290 330
-63 287 329
-63 287 329
-63 288 329
-64 287 329
-64 287 329
-62 288 334
-64 287 327
-64 287 327
-64 289 331
-65 286 333
-61 288 328
-62 291 331
-64 288 329
-63 288 329
-63 287 331
-64 288 330
-66 287 327
-59 287 327
-64 287 326
-64 287 326
-63 288 332
-63 286 329
-63 287 334
-64 288 333
-62 289 328
-58 289 329
-53 282 329
-51 281 335
-51 281 335
14 263 360
-104 288 350
-77 291 368
-25 280 357
-28 278 332
-19 267 345
-19 267 345
-81 290 366
-25 282 349
-48 274 352
-48 274 352
-66 276 347
-24 261 335
-55 278 353
-59 265 337
-95 282 356
-73 266 327
-73 266 327
-102 282 334
-34 254 335
-34 254 335
-65 271 324
-65 271 324
-65 271 324
-92 277 349
-91 286 337
-91 286 337
-98 280 331
-98 280 331
-98 280 331
-98 280 331
-83 260 317
-83 260 317
-83 260 317
-92 258 308
-89 255 311
-92 259 307
-92 259 307
-92 259 307
-88 256 308
-88 256 308
-88 256 308
-93 259 306
-86 259 311
-86 259 311
-93 258 307
-93 258 307
-93 258 307
-93 259 305
-91 260 308
-91 259 308
-91 259 308
-91 259 308
-92 257 308
-92 259 310
-89 257 307
-89 257 307
-89 257 307
-92 259 307
-88 260 306
-91 257 307
-91 257 307
-91 257 307
-92 260 310
-92 260 310
-92 261 308
-93 256 308
-92 258 310
-92 258 310
-92 256 316
-92 256 316
-88 256 309
-88 258 309
-88 258 309
-93 258 308
-93 258 308
-93 258 308
-93 259 308
-90 256 310
-90 257 310
-90 257 310
-91 261 311
-91 261 311
-90 260 309
-90 260 309
-90 259 307
-90 259 307
-90 259 307
-93 258 309
-93 258 309
-92 258 309
-93 260 308
-90 259 310
-90 259 310
-91 258 306
-91 258 306
-91 258 306
-92 259 310
-92 259 310
-87 261 310
-91 259 306
-92 256 309
-92 256 309
-90 261 306
-90 261 306
-91 257 310
-91 257 310
-90 260 310
-95 259 307
-95 259 307
-94 258 310
-94 258 310
-94 258 310
-88 261 309
-88 261 309
-92 259 308
-94 260 309
-92 260 309
-92 260 309
-88 260 308
-88 260 308
-94 259 307
-94 259 307
-92 259 309
-93 262 309
-94 258 307
-94 258 307
-93 258 310
-93 258 310
-93 258 310
-94 262 309
-94 262 309
-88 256 307
-93 259 308
-93 259 308
-93 259 308
-92 260 309
-92 260 309
-92 260 311
-92 260 311
-92 260 311
-90 261 309
-90 261 309
-92 258 304
-93 259 307
-93 259 307
-92 258 307
-92 258 307
-90 256 307
-89 259 310
-88 258 309
-88 258 309
-93 260 307
-93 260 307
-93 260 307
-93 257 308
-93 257 308
-92 256 307
-91 261 310
-92 257 307
-92 257 307
-94 259 309
-94 259 309
-91 257 308
-91 257 308
-89 258 309
-90 259 308
-90 259 308
-90 259 308
-92 258 306
-92 258 306
-92 259 308
-89 259 308
-94 259 309
-90 259 308
-90 259 308
-91 257 306
-91 257 306
-90 255 304
-90 259 307
-92 257 308
-92 257 308
-91 258 314
-91 258 314
-89 260 308
-96 261 310
-93 257 306
-93 257 306
-92 259 308
-92 259 308
-90 259 310
-100 258 350
-100 258 350
-100 258 350
-50 253 327
-50 253 327
-105 257 343
-44 250 317
-75 250 297
-75 250 297
-68 264 321
-92 250 311
-51 238 306
-92 267 305
-92 267 305
-81 263 320
